1443.0 953.0 972.0 43.0 22.0 24.0 24.0 83.0 59.0 91.0 48.0 96.0 83.0 101.0 148.0 81.0 117.0 90.0 27.0 27.0 27.0 43.0 40.0 88.0 22.0 18.0 57.0 59.0 65.0 51.0 155.0 165.0 155.0 27.0 27.0 49.0 26.0 23.0 42.0 22.0 21.0 26.0 20.0 43.0 26.0 18.0 18.0 18.0 32.0 32.0 32.0 29.0 18.0 18.0 32.0 30.0 31.0 24.0 14.0 20.0 17.0 22.0 22.0 25.0 14.0 28.0 30.0 13.0 21.0 21.0 21.0 25.0 16.0 14.0 16.0 15.0 19.0 16.0 21.0 16.0 16.0 20.0 13.0 14.0 16.0 21.0 15.0 18.0 15.0 15.0 15.0 15.0 16.0 15.0 15.0 18.0 20.0 21.0 13.0 18.0 17.0 15.0 12.0 16.0 37.0 18.0 18.0 19.0 16.0 15.0 15.0 16.0 16.0 13.0 15.0 18.0 15.0 19.0 19.0 17.0 14.0 15.0 17.0 15.0 15.0 17.0 15.0 14.0 13.0 20.0 16.0 16.0 14.0 14.0 16.0 13.0 15.0 15.0 15.0 16.0 16.0 16.0 13.0 16.0 17.0 17.0 15.0 17.0 17.0 20.0 13.0 20.0 15.0 13.0 24.0 17.0 19.0 20.0 17.0 17.0 18.0 14.0 18.0 17.0 15.0 13.0 14.0 15.0 19.0 15.0 21.0 16.0 15.0 15.0 13.0 16.0 15.0 21.0 21.0 18.0 15.0 15.0 15.0 15.0 15.0 15.0 20.0 15.0 15.0 16.0 16.0 15.0 15.0 15.0 18.0
953.0 1446.0 878.0 40.0 22.0 24.0 24.0 95.0 71.0 69.0 44.0 70.0 80.0 86.0 128.0 57.0 110.0 73.0 27.0 27.0 27.0 30.0 39.0 77.0 21.0 20.0 55.0 56.0 62.0 52.0 142.0 149.0 142.0 22.0 23.0 34.0 17.0 17.0 31.0 21.0 21.0 24.0 26.0 41.0 23.0 23.0 18.0 20.0 24.0 26.0 19.0 23.0 15.0 15.0 24.0 30.0 24.0 24.0 16.0 25.0 23.0 17.0 17.0 18.0 15.0 27.0 24.0 17.0 21.0 21.0 21.0 22.0 12.0 15.0 15.0 13.0 17.0 16.0 21.0 15.0 15.0 15.0 20.0 15.0 16.0 21.0 15.0 15.0 15.0 14.0 15.0 12.0 15.0 15.0 16.0 16.0 20.0 19.0 13.0 17.0 17.0 15.0 21.0 16.0 33.0 18.0 16.0 19.0 16.0 17.0 15.0 14.0 13.0 15.0 16.0 18.0 15.0 18.0 19.0 17.0 14.0 15.0 16.0 15.0 15.0 16.0 16.0 14.0 15.0 20.0 16.0 17.0 13.0 13.0 15.0 13.0 15.0 15.0 15.0 17.0 16.0 16.0 14.0 17.0 24.0 23.0 19.0 17.0 17.0 20.0 14.0 20.0 15.0 15.0 15.0 23.0 19.0 17.0 17.0 17.0 14.0 14.0 13.0 13.0 15.0 16.0 14.0 13.0 18.0 16.0 21.0 15.0 15.0 13.0 15.0 14.0 15.0 21.0 21.0 18.0 15.0 15.0 15.0 15.0 16.0 15.0 18.0 15.0 16.0 16.0 15.0 15.0 15.0 15.0 20.0
972.0 878.0 1440.0 42.0 27.0 24.0 24.0 91.0 78.0 92.0 64.0 78.0 94.0 104.0 137.0 87.0 118.0 99.0 27.0 27.0 27.0 48.0 42.0 98.0 32.0 29.0 73.0 77.0 79.0 63.0 161.0 183.0 180.0 28.0 28.0 40.0 32.0 27.0 44.0 21.0 23.0 28.0 22.0 40.0 21.0 24.0 18.0 18.0 38.0 38.0 32.0 34.0 16.0 25.0 38.0 30.0 32.0 24.0 14.0 18.0 17.0 22.0 25.0 38.0 12.0 27.0 33.0 13.0 21.0 21.0 21.0 25.0 18.0 14.0 19.0 15.0 15.0 16.0 21.0 16.0 16.0 20.0 17.0 14.0 16.0 21.0 17.0 15.0 15.0 15.0 15.0 15.0 17.0 15.0 15.0 20.0 20.0 19.0 13.0 17.0 16.0 12.0 12.0 16.0 31.0 13.0 19.0 16.0 16.0 15.0 17.0 18.0 15.0 13.0 17.0 18.0 15.0 15.0 16.0 15.0 13.0 15.0 16.0 14.0 15.0 16.0 15.0 14.0 15.0 17.0 16.0 16.0 13.0 13.0 16.0 13.0 17.0 14.0 18.0 16.0 16.0 16.0 13.0 16.0 22.0 22.0 15.0 19.0 18.0 20.0 14.0 20.0 15.0 14.0 20.0 17.0 17.0 17.0 17.0 17.0 13.0 18.0 14.0 13.0 17.0 13.0 14.0 14.0 18.0 15.0 21.0 15.0 14.0 13.0 15.0 12.0 15.0 21.0 21.0 18.0 15.0 15.0 15.0 15.0 15.0 15.0 18.0 15.0 16.0 15.0 15.0 17.0 15.0 15.0 21.0
43.0 40.0 42.0 1731.0 212.0 21.0 21.0 25.0 28.0 30.0 30.0 31.0 39.0 33.0 41.0 29.0 37.0 50.0 21.0 21.0 21.0 32.0 33.0 58.0 16.0 21.0 43.0 40.0 45.0 45.0 51.0 38.0 54.0 27.0 27.0 30.0 27.0 27.0 31.0 25.0 28.0 30.0 23.0 24.0 28.0 22.0 19.0 19.0 25.0 28.0 24.0 26.0 27.0 27.0 25.0 16.0 39.0 39.0 15.0 21.0 18.0 25.0 24.0 25.0 17.0 16.0 25.0 13.0 19.0 19.0 19.0 24.0 19.0 19.0 32.0 19.0 26.0 24.0 24.0 27.0 27.0 27.0 15.0 16.0 22.0 25.0 18.0 19.0 19.0 21.0 16.0 17.0 16.0 16.0 21.0 21.0 28.0 30.0 17.0 22.0 22.0 35.0 35.0 18.0 18.0 18.0 15.0 15.0 16.0 15.0 14.0 17.0 16.0 14.0 16.0 15.0 19.0 14.0 17.0 16.0 19.0 19.0 13.0 15.0 13.0 16.0 17.0 16.0 16.0 16.0 16.0 16.0 16.0 19.0 14.0 13.0 13.0 13.0 15.0 18.0 13.0 14.0 13.0 16.0 19.0 19.0 19.0 20.0 18.0 17.0 15.0 17.0 17.0 18.0 18.0 23.0 23.0 23.0 20.0 20.0 16.0 20.0 18.0 14.0 16.0 13.0 15.0 16.0 14.0 15.0 15.0 16.0 17.0 17.0 17.0 17.0 17.0 14.0 15.0 21.0 18.0 17.0 13.0 18.0 18.0 15.0 15.0 15.0 18.0 16.0 14.0 16.0 15.0 19.0 22.0
22.0 22.0 27.0 212.0 1662.0 22.0 24.0 31.0 37.0 26.0 18.0 27.0 18.0 21.0 32.0 20.0 30.0 23.0 22.0 22.0 21.0 26.0 32.0 33.0 19.0 17.0 38.0 37.0 37.0 43.0 33.0 27.0 30.0 27.0 27.0 20.0 21.0 21.0 25.0 19.0 27.0 31.0 27.0 30.0 16.0 25.0 19.0 19.0 19.0 19.0 18.0 20.0 17.0 18.0 19.0 15.0 30.0 31.0 15.0 21.0 18.0 20.0 20.0 18.0 21.0 14.0 20.0 13.0 20.0 20.0 20.0 17.0 15.0 15.0 18.0 13.0 13.0 15.0 13.0 15.0 17.0 15.0 15.0 16.0 13.0 25.0 14.0 15.0 13.0 15.0 17.0 15.0 14.0 14.0 23.0 13.0 20.0 19.0 22.0 15.0 16.0 12.0 14.0 18.0 18.0 15.0 15.0 15.0 16.0 20.0 16.0 17.0 16.0 16.0 16.0 15.0 15.0 14.0 15.0 17.0 15.0 20.0 15.0 15.0 16.0 15.0 15.0 16.0 16.0 17.0 16.0 15.0 16.0 20.0 15.0 13.0 14.0 16.0 16.0 13.0 15.0 13.0 13.0 17.0 21.0 21.0 21.0 15.0 16.0 16.0 14.0 16.0 15.0 15.0 19.0 18.0 15.0 18.0 15.0 16.0 14.0 19.0 15.0 15.0 18.0 13.0 15.0 13.0 15.0 15.0 14.0 14.0 17.0 17.0 17.0 17.0 17.0 13.0 15.0 21.0 21.0 17.0 13.0 18.0 17.0 16.0 15.0 15.0 15.0 16.0 14.0 16.0 16.0 16.0 22.0
24.0 24.0 24.0 21.0 22.0 5199.0 1593.0 28.0 23.0 24.0 19.0 21.0 26.0 24.0 38.0 24.0 26.0 29.0 16.0 16.0 20.0 30.0 30.0 24.0 130.0 142.0 33.0 35.0 29.0 36.0 29.0 23.0 29.0 23.0 23.0 24.0 20.0 22.0 16.0 17.0 16.0 22.0 19.0 18.0 24.0 22.0 21.0 21.0 23.0 23.0 23.0 23.0 19.0 18.0 23.0 20.0 33.0 35.0 29.0 26.0 21.0 21.0 18.0 17.0 25.0 17.0 17.0 27.0 17.0 15.0 15.0 22.0 20.0 20.0 21.0 16.0 24.0 16.0 18.0 14.0 16.0 22.0 20.0 19.0 16.0 16.0 15.0 15.0 17.0 18.0 14.0 17.0 16.0 17.0 18.0 16.0 18.0 18.0 25.0 21.0 20.0 19.0 19.0 22.0 17.0 20.0 17.0 14.0 14.0 15.0 17.0 17.0 19.0 20.0 19.0 18.0 16.0 18.0 18.0 17.0 20.0 16.0 16.0 18.0 15.0 18.0 16.0 16.0 15.0 21.0 17.0 20.0 18.0 14.0 19.0 17.0 15.0 18.0 19.0 19.0 17.0 18.0 16.0 22.0 21.0 20.0 20.0 22.0 19.0 18.0 20.0 21.0 25.0 25.0 16.0 27.0 19.0 27.0 20.0 19.0 24.0 18.0 20.0 15.0 14.0 15.0 14.0 16.0 17.0 16.0 19.0 21.0 16.0 21.0 20.0 18.0 18.0 17.0 18.0 19.0 21.0 14.0 20.0 16.0 22.0 15.0 19.0 15.0 18.0 20.0 15.0 18.0 22.0 18.0 20.0
24.0 24.0 24.0 21.0 24.0 1593.0 5136.0 28.0 26.0 21.0 15.0 19.0 32.0 33.0 55.0 24.0 28.0 30.0 18.0 18.0 18.0 27.0 24.0 24.0 139.0 121.0 33.0 35.0 29.0 36.0 29.0 23.0 29.0 29.0 29.0 20.0 26.0 26.0 21.0 19.0 19.0 19.0 24.0 21.0 18.0 26.0 21.0 21.0 26.0 26.0 26.0 17.0 19.0 18.0 26.0 18.0 29.0 35.0 22.0 20.0 25.0 21.0 24.0 18.0 21.0 21.0 19.0 24.0 18.0 15.0 16.0 27.0 26.0 26.0 16.0 21.0 22.0 17.0 18.0 15.0 18.0 17.0 24.0 24.0 19.0 18.0 13.0 17.0 17.0 19.0 14.0 17.0 17.0 15.0 20.0 16.0 20.0 16.0 21.0 25.0 19.0 22.0 22.0 23.0 15.0 20.0 15.0 17.0 14.0 15.0 15.0 16.0 16.0 16.0 18.0 18.0 21.0 18.0 14.0 15.0 18.0 17.0 18.0 18.0 17.0 18.0 14.0 15.0 19.0 17.0 19.0 19.0 15.0 16.0 14.0 15.0 16.0 15.0 15.0 19.0 19.0 19.0 16.0 20.0 23.0 23.0 23.0 26.0 18.0 25.0 20.0 22.0 25.0 25.0 23.0 22.0 28.0 26.0 20.0 23.0 15.0 19.0 20.0 17.0 15.0 21.0 14.0 16.0 16.0 19.0 18.0 21.0 17.0 23.0 19.0 18.0 18.0 19.0 18.0 18.0 21.0 17.0 20.0 18.0 18.0 15.0 19.0 16.0 16.0 14.0 16.0 19.0 16.0 18.0 18.0
83.0 95.0 91.0 25.0 31.0 28.0 28.0 2409.0 829.0 168.0 41.0 31.0 33.0 34.0 35.0 31.0 56.0 32.0 25.0 32.0 25.0 46.0 36.0 37.0 24.0 21.0 190.0 185.0 196.0 174.0 91.0 117.0 106.0 34.0 34.0 46.0 38.0 38.0 43.0 39.0 33.0 33.0 39.0 35.0 39.0 27.0 37.0 44.0 51.0 46.0 52.0 42.0 36.0 36.0 51.0 24.0 38.0 32.0 23.0 22.0 27.0 36.0 32.0 39.0 15.0 26.0 34.0 21.0 16.0 16.0 16.0 25.0 25.0 25.0 28.0 25.0 25.0 21.0 21.0 22.0 22.0 22.0 21.0 19.0 18.0 23.0 18.0 30.0 30.0 22.0 24.0 18.0 33.0 24.0 24.0 18.0 24.0 29.0 18.0 17.0 19.0 18.0 15.0 21.0 28.0 19.0 18.0 17.0 21.0 15.0 15.0 16.0 15.0 15.0 17.0 17.0 18.0 18.0 16.0 18.0 18.0 15.0 18.0 18.0 18.0 18.0 16.0 15.0 18.0 16.0 23.0 17.0 15.0 18.0 18.0 15.0 16.0 15.0 19.0 22.0 22.0 22.0 15.0 23.0 30.0 25.0 25.0 18.0 18.0 18.0 15.0 17.0 22.0 22.0 17.0 29.0 19.0 28.0 19.0 23.0 19.0 17.0 17.0 18.0 18.0 15.0 16.0 15.0 15.0 16.0 16.0 16.0 16.0 15.0 16.0 16.0 19.0 18.0 18.0 21.0 20.0 18.0 18.0 18.0 18.0 19.0 19.0 21.0 19.0 18.0 18.0 18.0 17.0 21.0 25.0
59.0 71.0 78.0 28.0 37.0 23.0 26.0 829.0 2319.0 146.0 46.0 63.0 57.0 60.0 53.0 63.0 84.0 44.0 34.0 34.0 29.0 66.0 59.0 74.0 19.0 19.0 146.0 148.0 165.0 153.0 87.0 94.0 80.0 30.0 30.0 34.0 25.0 26.0 30.0 34.0 28.0 44.0 20.0 38.0 26.0 22.0 30.0 33.0 39.0 39.0 39.0 25.0 36.0 36.0 39.0 27.0 34.0 42.0 23.0 28.0 22.0 33.0 22.0 22.0 18.0 27.0 25.0 17.0 16.0 16.0 16.0 20.0 20.0 20.0 33.0 20.0 30.0 24.0 24.0 24.0 24.0 26.0 21.0 18.0 25.0 26.0 21.0 20.0 20.0 18.0 20.0 19.0 32.0 20.0 18.0 19.0 28.0 28.0 18.0 18.0 19.0 15.0 15.0 17.0 18.0 20.0 18.0 16.0 19.0 20.0 20.0 24.0 20.0 18.0 15.0 16.0 16.0 18.0 15.0 19.0 17.0 22.0 19.0 17.0 16.0 19.0 18.0 18.0 18.0 18.0 23.0 18.0 19.0 20.0 18.0 15.0 15.0 16.0 18.0 22.0 22.0 22.0 15.0 16.0 23.0 20.0 20.0 38.0 20.0 19.0 18.0 17.0 16.0 16.0 22.0 22.0 26.0 22.0 18.0 21.0 17.0 20.0 17.0 20.0 15.0 15.0 16.0 15.0 16.0 17.0 20.0 15.0 15.0 18.0 17.0 19.0 20.0 21.0 21.0 15.0 21.0 16.0 17.0 16.0 16.0 19.0 18.0 21.0 16.0 19.0 18.0 20.0 15.0 18.0 27.0
91.0 69.0 92.0 30.0 26.0 24.0 21.0 168.0 146.0 1578.0 51.0 49.0 62.0 62.0 82.0 62.0 60.0 46.0 21.0 21.0 18.0 79.0 62.0 65.0 18.0 23.0 168.0 169.0 181.0 155.0 119.0 115.0 130.0 21.0 21.0 21.0 25.0 25.0 21.0 21.0 21.0 21.0 28.0 28.0 27.0 15.0 20.0 19.0 19.0 25.0 18.0 24.0 25.0 32.0 19.0 33.0 28.0 25.0 20.0 18.0 19.0 21.0 16.0 15.0 19.0 13.0 15.0 13.0 21.0 21.0 21.0 15.0 20.0 20.0 32.0 20.0 20.0 22.0 22.0 22.0 22.0 24.0 14.0 14.0 27.0 27.0 28.0 16.0 16.0 17.0 18.0 21.0 17.0 21.0 19.0 14.0 29.0 28.0 18.0 15.0 22.0 12.0 13.0 14.0 17.0 16.0 18.0 16.0 13.0 16.0 16.0 17.0 18.0 12.0 15.0 18.0 17.0 16.0 15.0 15.0 18.0 15.0 16.0 15.0 13.0 17.0 15.0 13.0 18.0 18.0 16.0 15.0 15.0 15.0 15.0 15.0 16.0 14.0 18.0 13.0 13.0 14.0 16.0 16.0 18.0 18.0 18.0 18.0 23.0 18.0 17.0 18.0 18.0 18.0 18.0 21.0 21.0 21.0 15.0 20.0 16.0 17.0 20.0 13.0 15.0 17.0 15.0 16.0 16.0 14.0 22.0 14.0 13.0 16.0 15.0 17.0 16.0 21.0 21.0 13.0 15.0 14.0 14.0 15.0 15.0 13.0 14.0 13.0 14.0 13.0 17.0 20.0 20.0 17.0 24.0
48.0 44.0 64.0 30.0 18.0 19.0 15.0 41.0 46.0 51.0 1671.0 39.0 28.0 22.0 39.0 27.0 38.0 31.0 26.0 26.0 26.0 57.0 34.0 51.0 27.0 24.0 42.0 43.0 48.0 37.0 51.0 45.0 51.0 27.0 27.0 32.0 29.0 29.0 34.0 28.0 31.0 34.0 34.0 45.0 26.0 31.0 26.0 23.0 33.0 33.0 28.0 28.0 33.0 43.0 33.0 24.0 40.0 37.0 20.0 18.0 16.0 29.0 23.0 31.0 18.0 17.0 23.0 15.0 17.0 17.0 17.0 22.0 24.0 29.0 31.0 23.0 24.0 24.0 24.0 34.0 34.0 35.0 26.0 19.0 25.0 28.0 30.0 24.0 23.0 31.0 29.0 27.0 23.0 32.0 33.0 18.0 39.0 40.0 18.0 19.0 18.0 13.0 14.0 18.0 27.0 17.0 19.0 14.0 15.0 18.0 16.0 20.0 16.0 18.0 15.0 25.0 15.0 18.0 18.0 15.0 15.0 15.0 23.0 19.0 18.0 16.0 14.0 15.0 16.0 15.0 20.0 16.0 14.0 14.0 14.0 16.0 15.0 14.0 16.0 14.0 13.0 14.0 15.0 17.0 26.0 31.0 25.0 24.0 17.0 15.0 25.0 15.0 29.0 29.0 14.0 18.0 13.0 18.0 18.0 23.0 18.0 15.0 18.0 15.0 15.0 15.0 15.0 14.0 13.0 14.0 19.0 13.0 15.0 15.0 16.0 15.0 15.0 15.0 16.0 15.0 15.0 23.0 17.0 17.0 17.0 15.0 18.0 15.0 15.0 15.0 14.0 30.0 22.0 18.0 21.0
96.0 70.0 78.0 31.0 27.0 21.0 19.0 31.0 63.0 49.0 39.0 1056.0 50.0 56.0 62.0 62.0 50.0 40.0 26.0 22.0 32.0 82.0 93.0 174.0 27.0 27.0 41.0 41.0 41.0 34.0 98.0 104.0 84.0 26.0 26.0 21.0 27.0 27.0 28.0 27.0 27.0 27.0 21.0 46.0 26.0 31.0 23.0 21.0 21.0 21.0 21.0 27.0 22.0 22.0 21.0 18.0 34.0 34.0 15.0 15.0 18.0 28.0 21.0 21.0 17.0 15.0 23.0 13.0 30.0 26.0 30.0 27.0 24.0 24.0 22.0 24.0 16.0 20.0 19.0 22.0 22.0 28.0 15.0 15.0 21.0 19.0 15.0 22.0 24.0 16.0 21.0 15.0 18.0 18.0 16.0 14.0 21.0 24.0 16.0 33.0 15.0 23.0 23.0 14.0 31.0 16.0 13.0 15.0 17.0 14.0 15.0 16.0 15.0 12.0 13.0 23.0 14.0 15.0 15.0 17.0 12.0 14.0 14.0 16.0 18.0 14.0 15.0 14.0 16.0 17.0 13.0 21.0 15.0 13.0 17.0 12.0 12.0 13.0 17.0 13.0 14.0 13.0 13.0 19.0 25.0 21.0 21.0 19.0 14.0 16.0 14.0 17.0 20.0 20.0 15.0 16.0 16.0 16.0 19.0 23.0 13.0 18.0 14.0 18.0 14.0 12.0 14.0 18.0 15.0 13.0 15.0 15.0 13.0 13.0 13.0 13.0 14.0 13.0 16.0 15.0 15.0 14.0 14.0 14.0 14.0 17.0 19.0 15.0 14.0 14.0 17.0 13.0 13.0 13.0 28.0
83.0 80.0 94.0 39.0 18.0 26.0 32.0 33.0 57.0 62.0 28.0 50.0 2019.0 1293.0 279.0 985.0 170.0 266.0 21.0 24.0 21.0 33.0 34.0 34.0 37.0 33.0 37.0 36.0 42.0 31.0 105.0 67.0 90.0 26.0 26.0 32.0 20.0 20.0 26.0 32.0 32.0 23.0 17.0 26.0 15.0 35.0 15.0 16.0 22.0 21.0 24.0 17.0 18.0 20.0 21.0 18.0 24.0 28.0 13.0 15.0 17.0 14.0 18.0 21.0 16.0 22.0 16.0 14.0 14.0 16.0 14.0 17.0 18.0 17.0 13.0 15.0 17.0 15.0 15.0 24.0 25.0 18.0 14.0 14.0 18.0 26.0 18.0 13.0 14.0 15.0 15.0 18.0 12.0 18.0 15.0 16.0 16.0 17.0 17.0 25.0 21.0 20.0 20.0 16.0 27.0 15.0 18.0 15.0 19.0 18.0 18.0 15.0 17.0 14.0 16.0 16.0 21.0 15.0 17.0 18.0 19.0 18.0 15.0 14.0 18.0 18.0 15.0 16.0 16.0 18.0 14.0 15.0 12.0 13.0 15.0 15.0 18.0 15.0 16.0 18.0 18.0 18.0 16.0 16.0 20.0 20.0 20.0 36.0 16.0 21.0 14.0 21.0 18.0 18.0 18.0 18.0 18.0 18.0 15.0 19.0 19.0 15.0 19.0 16.0 18.0 14.0 12.0 16.0 20.0 24.0 15.0 13.0 16.0 15.0 15.0 15.0 14.0 14.0 18.0 15.0 16.0 18.0 18.0 18.0 18.0 18.0 19.0 21.0 16.0 18.0 12.0 17.0 15.0 15.0 22.0
101.0 86.0 104.0 33.0 21.0 24.0 33.0 34.0 60.0 62.0 22.0 56.0 1293.0 2016.0 300.0 901.0 154.0 261.0 24.0 30.0 24.0 40.0 35.0 32.0 34.0 27.0 44.0 38.0 44.0 32.0 108.0 68.0 103.0 22.0 22.0 30.0 20.0 20.0 24.0 24.0 24.0 24.0 17.0 26.0 16.0 35.0 15.0 15.0 22.0 21.0 24.0 17.0 18.0 18.0 21.0 18.0 24.0 22.0 13.0 15.0 18.0 13.0 18.0 21.0 16.0 25.0 19.0 14.0 15.0 15.0 15.0 17.0 18.0 17.0 13.0 14.0 17.0 13.0 15.0 19.0 19.0 18.0 13.0 13.0 17.0 18.0 18.0 14.0 17.0 16.0 15.0 18.0 12.0 18.0 15.0 15.0 16.0 15.0 15.0 22.0 21.0 20.0 20.0 14.0 29.0 15.0 18.0 15.0 19.0 18.0 17.0 15.0 17.0 16.0 16.0 19.0 21.0 16.0 17.0 18.0 15.0 19.0 19.0 21.0 18.0 18.0 14.0 19.0 17.0 18.0 21.0 15.0 14.0 19.0 18.0 16.0 18.0 15.0 16.0 15.0 15.0 15.0 16.0 17.0 18.0 18.0 18.0 31.0 16.0 20.0 15.0 20.0 18.0 18.0 18.0 15.0 16.0 15.0 15.0 15.0 25.0 18.0 25.0 16.0 18.0 16.0 16.0 22.0 18.0 24.0 14.0 13.0 14.0 16.0 15.0 15.0 13.0 14.0 15.0 15.0 16.0 18.0 18.0 18.0 18.0 18.0 15.0 21.0 16.0 18.0 12.0 19.0 20.0 14.0 22.0
148.0 128.0 137.0 41.0 32.0 38.0 55.0 35.0 53.0 82.0 39.0 62.0 279.0 300.0 2052.0 255.0 170.0 228.0 27.0 32.0 30.0 55.0 49.0 46.0 42.0 47.0 42.0 42.0 37.0 44.0 115.0 104.0 122.0 23.0 23.0 30.0 17.0 20.0 29.0 20.0 20.0 25.0 18.0 24.0 15.0 28.0 13.0 13.0 24.0 24.0 24.0 23.0 15.0 27.0 24.0 18.0 21.0 24.0 15.0 15.0 21.0 15.0 22.0 22.0 16.0 22.0 16.0 13.0 18.0 18.0 18.0 23.0 23.0 23.0 18.0 18.0 18.0 18.0 16.0 19.0 19.0 18.0 14.0 14.0 13.0 18.0 18.0 15.0 15.0 15.0 15.0 18.0 14.0 18.0 14.0 13.0 18.0 17.0 14.0 24.0 16.0 15.0 16.0 18.0 24.0 14.0 21.0 17.0 16.0 15.0 15.0 15.0 20.0 14.0 18.0 16.0 15.0 15.0 15.0 15.0 13.0 15.0 13.0 16.0 18.0 21.0 17.0 14.0 14.0 16.0 16.0 16.0 15.0 17.0 13.0 15.0 16.0 13.0 17.0 18.0 18.0 18.0 16.0 18.0 27.0 29.0 30.0 34.0 18.0 18.0 16.0 18.0 24.0 24.0 23.0 16.0 24.0 16.0 15.0 17.0 15.0 18.0 19.0 15.0 15.0 14.0 14.0 14.0 18.0 16.0 14.0 14.0 14.0 14.0 13.0 13.0 15.0 14.0 13.0 15.0 16.0 14.0 16.0 13.0 13.0 17.0 15.0 21.0 15.0 15.0 17.0 18.0 13.0 16.0 27.0
81.0 57.0 87.0 29.0 20.0 24.0 24.0 31.0 63.0 62.0 27.0 62.0 985.0 901.0 255.0 2094.0 145.0 225.0 30.0 30.0 30.0 34.0 38.0 33.0 27.0 27.0 48.0 42.0 48.0 40.0 87.0 81.0 75.0 22.0 22.0 30.0 18.0 18.0 32.0 26.0 26.0 21.0 17.0 31.0 15.0 30.0 13.0 16.0 19.0 19.0 24.0 17.0 21.0 21.0 19.0 18.0 30.0 22.0 15.0 15.0 21.0 18.0 15.0 15.0 14.0 28.0 22.0 12.0 14.0 14.0 16.0 12.0 13.0 15.0 17.0 13.0 14.0 16.0 15.0 19.0 19.0 18.0 18.0 15.0 18.0 27.0 18.0 19.0 16.0 17.0 15.0 18.0 14.0 22.0 14.0 17.0 17.0 17.0 15.0 19.0 24.0 26.0 26.0 16.0 24.0 13.0 22.0 15.0 20.0 19.0 18.0 18.0 18.0 22.0 17.0 25.0 23.0 22.0 17.0 19.0 21.0 25.0 15.0 26.0 19.0 18.0 16.0 25.0 17.0 22.0 26.0 16.0 20.0 25.0 22.0 22.0 16.0 19.0 18.0 21.0 21.0 21.0 22.0 23.0 25.0 19.0 19.0 19.0 16.0 21.0 18.0 21.0 15.0 15.0 18.0 18.0 26.0 18.0 18.0 17.0 19.0 21.0 19.0 19.0 21.0 13.0 22.0 16.0 19.0 18.0 18.0 16.0 18.0 16.0 15.0 19.0 13.0 18.0 18.0 16.0 16.0 22.0 19.0 22.0 16.0 20.0 19.0 21.0 16.0 16.0 14.0 17.0 13.0 18.0 22.0
117.0 110.0 118.0 37.0 30.0 26.0 28.0 56.0 84.0 60.0 38.0 50.0 170.0 154.0 170.0 145.0 1791.0 119.0 18.0 18.0 18.0 39.0 59.0 65.0 32.0 19.0 54.0 54.0 52.0 47.0 106.0 124.0 127.0 21.0 21.0 30.0 16.0 22.0 22.0 21.0 21.0 31.0 18.0 40.0 14.0 23.0 18.0 17.0 22.0 22.0 22.0 19.0 16.0 13.0 22.0 18.0 21.0 24.0 13.0 13.0 15.0 15.0 16.0 16.0 15.0 21.0 18.0 14.0 13.0 13.0 12.0 17.0 17.0 17.0 12.0 14.0 13.0 14.0 15.0 16.0 16.0 16.0 15.0 14.0 14.0 15.0 18.0 13.0 16.0 14.0 15.0 18.0 15.0 18.0 18.0 15.0 22.0 32.0 15.0 17.0 15.0 13.0 12.0 18.0 30.0 18.0 16.0 14.0 16.0 13.0 13.0 18.0 14.0 13.0 14.0 14.0 16.0 16.0 15.0 14.0 14.0 13.0 14.0 15.0 15.0 16.0 14.0 14.0 16.0 13.0 16.0 16.0 16.0 13.0 14.0 13.0 14.0 14.0 13.0 16.0 14.0 14.0 17.0 17.0 15.0 13.0 17.0 28.0 15.0 18.0 15.0 18.0 15.0 14.0 21.0 16.0 24.0 16.0 20.0 15.0 14.0 16.0 17.0 14.0 15.0 14.0 13.0 16.0 13.0 15.0 16.0 16.0 15.0 14.0 16.0 16.0 16.0 15.0 14.0 14.0 14.0 15.0 13.0 17.0 18.0 13.0 15.0 16.0 13.0 17.0 14.0 15.0 15.0 18.0 27.0
90.0 73.0 99.0 50.0 23.0 29.0 30.0 32.0 44.0 46.0 31.0 40.0 266.0 261.0 228.0 225.0 119.0 2121.0 36.0 36.0 39.0 48.0 37.0 62.0 39.0 39.0 54.0 45.0 57.0 42.0 86.0 56.0 81.0 22.0 22.0 46.0 26.0 26.0 27.0 15.0 19.0 25.0 21.0 19.0 18.0 22.0 18.0 18.0 43.0 41.0 38.0 17.0 18.0 24.0 43.0 18.0 28.0 25.0 15.0 19.0 22.0 16.0 25.0 28.0 13.0 27.0 27.0 12.0 14.0 14.0 14.0 28.0 27.0 22.0 22.0 15.0 25.0 17.0 15.0 19.0 19.0 21.0 14.0 14.0 19.0 21.0 18.0 15.0 13.0 15.0 13.0 15.0 15.0 15.0 15.0 12.0 15.0 24.0 15.0 15.0 18.0 29.0 29.0 15.0 25.0 16.0 22.0 15.0 19.0 18.0 17.0 17.0 20.0 19.0 21.0 24.0 23.0 22.0 19.0 18.0 21.0 22.0 14.0 23.0 18.0 15.0 16.0 22.0 17.0 22.0 23.0 16.0 17.0 22.0 19.0 19.0 18.0 18.0 17.0 28.0 27.0 28.0 19.0 23.0 22.0 23.0 18.0 21.0 14.0 21.0 14.0 21.0 18.0 18.0 21.0 20.0 22.0 20.0 18.0 15.0 18.0 21.0 16.0 18.0 21.0 13.0 19.0 14.0 16.0 24.0 14.0 14.0 18.0 15.0 15.0 13.0 15.0 16.0 16.0 16.0 16.0 23.0 20.0 23.0 18.0 20.0 18.0 16.0 18.0 18.0 13.0 16.0 17.0 17.0 18.0
27.0 27.0 27.0 21.0 22.0 16.0 18.0 25.0 34.0 21.0 26.0 26.0 21.0 24.0 27.0 30.0 18.0 36.0 2739.0 1289.0 1344.0 21.0 27.0 24.0 20.0 20.0 21.0 21.0 21.0 25.0 27.0 31.0 25.0 31.0 31.0 21.0 22.0 22.0 28.0 34.0 34.0 37.0 16.0 34.0 21.0 25.0 26.0 28.0 28.0 34.0 30.0 22.0 18.0 21.0 22.0 17.0 38.0 30.0 19.0 19.0 22.0 54.0 25.0 25.0 17.0 22.0 24.0 14.0 15.0 14.0 16.0 17.0 17.0 17.0 29.0 18.0 21.0 18.0 20.0 28.0 28.0 35.0 20.0 19.0 19.0 21.0 17.0 21.0 22.0 16.0 16.0 18.0 17.0 15.0 17.0 19.0 24.0 30.0 16.0 16.0 27.0 17.0 17.0 16.0 21.0 18.0 19.0 14.0 15.0 15.0 16.0 19.0 14.0 18.0 15.0 16.0 14.0 19.0 16.0 15.0 16.0 15.0 15.0 14.0 16.0 22.0 19.0 21.0 16.0 16.0 17.0 19.0 15.0 14.0 17.0 18.0 16.0 16.0 15.0 15.0 14.0 19.0 19.0 16.0 20.0 17.0 17.0 17.0 22.0 18.0 18.0 17.0 17.0 16.0 22.0 32.0 32.0 32.0 22.0 25.0 15.0 21.0 16.0 20.0 21.0 26.0 15.0 31.0 14.0 17.0 22.0 19.0 14.0 17.0 16.0 15.0 14.0 22.0 22.0 15.0 21.0 13.0 15.0 13.0 13.0 15.0 19.0 19.0 18.0 14.0 15.0 23.0 27.0 21.0 21.0
27.0 27.0 27.0 21.0 22.0 16.0 18.0 32.0 34.0 21.0 26.0 22.0 24.0 30.0 32.0 30.0 18.0 36.0 1289.0 2637.0 1088.0 20.0 22.0 24.0 22.0 22.0 21.0 21.0 21.0 25.0 27.0 27.0 24.0 31.0 31.0 21.0 27.0 26.0 28.0 30.0 34.0 35.0 18.0 33.0 23.0 25.0 30.0 32.0 31.0 25.0 29.0 22.0 18.0 21.0 22.0 18.0 38.0 30.0 19.0 20.0 22.0 54.0 22.0 23.0 17.0 23.0 24.0 14.0 20.0 14.0 14.0 17.0 17.0 17.0 29.0 18.0 25.0 18.0 20.0 28.0 28.0 35.0 20.0 19.0 19.0 19.0 20.0 18.0 18.0 19.0 22.0 18.0 17.0 16.0 17.0 18.0 24.0 30.0 15.0 18.0 27.0 15.0 15.0 22.0 21.0 18.0 19.0 20.0 16.0 16.0 16.0 20.0 17.0 19.0 17.0 16.0 16.0 19.0 17.0 16.0 19.0 16.0 18.0 16.0 22.0 22.0 19.0 22.0 16.0 16.0 19.0 19.0 14.0 15.0 18.0 22.0 15.0 22.0 19.0 15.0 17.0 16.0 24.0 19.0 26.0 17.0 17.0 17.0 20.0 20.0 18.0 23.0 17.0 16.0 16.0 32.0 32.0 32.0 22.0 25.0 16.0 19.0 16.0 20.0 22.0 38.0 17.0 31.0 13.0 16.0 22.0 14.0 15.0 15.0 15.0 24.0 19.0 22.0 22.0 19.0 16.0 15.0 18.0 18.0 15.0 14.0 19.0 19.0 18.0 19.0 15.0 29.0 33.0 18.0 21.0
27.0 27.0 27.0 21.0 21.0 20.0 18.0 25.0 29.0 18.0 26.0 32.0 21.0 24.0 30.0 30.0 18.0 39.0 1344.0 1088.0 2673.0 20.0 27.0 27.0 22.0 22.0 21.0 21.0 21.0 21.0 27.0 31.0 25.0 31.0 31.0 20.0 22.0 22.0 28.0 34.0 34.0 37.0 16.0 42.0 21.0 25.0 26.0 28.0 22.0 27.0 28.0 22.0 20.0 21.0 22.0 16.0 35.0 30.0 19.0 23.0 22.0 49.0 22.0 23.0 17.0 21.0 22.0 15.0 14.0 14.0 16.0 17.0 17.0 17.0 29.0 18.0 21.0 18.0 20.0 28.0 28.0 35.0 19.0 19.0 19.0 24.0 17.0 22.0 22.0 16.0 15.0 18.0 17.0 15.0 17.0 18.0 24.0 30.0 16.0 16.0 22.0 18.0 19.0 16.0 26.0 18.0 19.0 15.0 15.0 15.0 15.0 19.0 14.0 18.0 17.0 14.0 19.0 19.0 16.0 15.0 15.0 15.0 15.0 15.0 16.0 22.0 19.0 21.0 15.0 16.0 16.0 19.0 14.0 19.0 17.0 17.0 18.0 16.0 16.0 15.0 14.0 14.0 19.0 17.0 20.0 17.0 17.0 20.0 22.0 17.0 18.0 17.0 17.0 16.0 22.0 32.0 32.0 32.0 22.0 26.0 15.0 16.0 14.0 15.0 21.0 26.0 18.0 31.0 14.0 15.0 22.0 18.0 14.0 13.0 16.0 14.0 15.0 22.0 22.0 19.0 16.0 18.0 17.0 14.0 14.0 14.0 19.0 19.0 16.0 13.0 18.0 24.0 30.0 21.0 21.0
43.0 30.0 48.0 32.0 26.0 30.0 27.0 46.0 66.0 79.0 57.0 82.0 33.0 40.0 55.0 34.0 39.0 48.0 21.0 20.0 20.0 2016.0 382.0 100.0 31.0 33.0 68.0 62.0 56.0 44.0 45.0 55.0 52.0 28.0 28.0 20.0 27.0 27.0 28.0 25.0 25.0 34.0 28.0 32.0 30.0 30.0 45.0 34.0 21.0 21.0 23.0 34.0 25.0 31.0 21.0 24.0 26.0 26.0 21.0 27.0 21.0 33.0 25.0 21.0 15.0 18.0 21.0 15.0 28.0 22.0 28.0 23.0 22.0 26.0 25.0 23.0 19.0 22.0 22.0 22.0 22.0 26.0 17.0 24.0 23.0 21.0 28.0 20.0 20.0 20.0 21.0 24.0 18.0 24.0 20.0 14.0 32.0 26.0 18.0 16.0 20.0 16.0 16.0 19.0 34.0 21.0 14.0 16.0 15.0 18.0 16.0 18.0 15.0 14.0 17.0 16.0 20.0 17.0 18.0 16.0 18.0 19.0 13.0 14.0 15.0 15.0 15.0 19.0 15.0 18.0 17.0 15.0 15.0 14.0 19.0 16.0 15.0 13.0 15.0 14.0 15.0 16.0 14.0 18.0 22.0 24.0 19.0 25.0 14.0 18.0 17.0 18.0 18.0 18.0 20.0 16.0 16.0 17.0 17.0 16.0 15.0 16.0 15.0 16.0 14.0 16.0 16.0 13.0 15.0 15.0 19.0 15.0 15.0 15.0 14.0 13.0 19.0 16.0 14.0 17.0 14.0 15.0 16.0 16.0 15.0 16.0 16.0 19.0 19.0 15.0 15.0 21.0 20.0 17.0 32.0
40.0 39.0 42.0 33.0 32.0 30.0 24.0 36.0 59.0 62.0 34.0 93.0 34.0 35.0 49.0 38.0 59.0 37.0 27.0 22.0 27.0 382.0 2289.0 77.0 23.0 23.0 60.0 56.0 49.0 53.0 57.0 63.0 55.0 29.0 29.0 20.0 28.0 28.0 38.0 27.0 29.0 31.0 30.0 33.0 23.0 27.0 43.0 43.0 22.0 26.0 32.0 42.0 25.0 26.0 24.0 28.0 26.0 26.0 21.0 18.0 21.0 33.0 27.0 21.0 14.0 22.0 21.0 15.0 25.0 22.0 25.0 23.0 23.0 23.0 25.0 23.0 19.0 22.0 22.0 32.0 32.0 26.0 22.0 23.0 21.0 21.0 22.0 19.0 19.0 17.0 24.0 21.0 21.0 27.0 21.0 12.0 27.0 30.0 16.0 19.0 20.0 19.0 19.0 14.0 40.0 27.0 16.0 16.0 15.0 17.0 18.0 18.0 15.0 15.0 16.0 18.0 16.0 17.0 15.0 15.0 17.0 18.0 18.0 15.0 16.0 14.0 15.0 18.0 16.0 19.0 17.0 19.0 16.0 17.0 19.0 13.0 16.0 16.0 14.0 15.0 15.0 14.0 16.0 18.0 25.0 25.0 20.0 19.0 17.0 23.0 14.0 23.0 16.0 16.0 18.0 18.0 18.0 18.0 24.0 20.0 18.0 16.0 18.0 14.0 14.0 16.0 14.0 15.0 15.0 13.0 19.0 16.0 19.0 15.0 16.0 16.0 17.0 18.0 15.0 16.0 16.0 14.0 15.0 13.0 15.0 15.0 15.0 14.0 16.0 15.0 15.0 18.0 17.0 16.0 26.0
88.0 77.0 98.0 58.0 33.0 24.0 24.0 37.0 74.0 65.0 51.0 174.0 34.0 32.0 46.0 33.0 65.0 62.0 24.0 24.0 27.0 100.0 77.0 1077.0 24.0 24.0 60.0 60.0 54.0 63.0 82.0 94.0 87.0 27.0 27.0 29.0 31.0 27.0 28.0 25.0 28.0 32.0 25.0 61.0 31.0 26.0 38.0 27.0 30.0 30.0 24.0 30.0 27.0 27.0 30.0 21.0 58.0 49.0 21.0 22.0 21.0 32.0 34.0 25.0 19.0 21.0 36.0 16.0 26.0 20.0 26.0 34.0 23.0 23.0 30.0 23.0 24.0 24.0 24.0 27.0 27.0 28.0 22.0 23.0 22.0 22.0 18.0 19.0 19.0 21.0 16.0 18.0 16.0 16.0 21.0 15.0 27.0 26.0 20.0 18.0 18.0 17.0 17.0 18.0 34.0 16.0 15.0 21.0 13.0 13.0 13.0 13.0 17.0 12.0 14.0 14.0 16.0 12.0 15.0 15.0 14.0 12.0 13.0 15.0 14.0 13.0 16.0 14.0 18.0 14.0 15.0 16.0 13.0 16.0 14.0 12.0 12.0 13.0 14.0 14.0 13.0 18.0 13.0 17.0 22.0 19.0 19.0 18.0 17.0 21.0 23.0 21.0 24.0 24.0 19.0 28.0 22.0 28.0 33.0 29.0 14.0 15.0 16.0 16.0 13.0 13.0 15.0 15.0 16.0 14.0 16.0 16.0 15.0 13.0 13.0 12.0 13.0 18.0 13.0 12.0 15.0 14.0 14.0 14.0 16.0 13.0 13.0 15.0 16.0 13.0 13.0 17.0 15.0 15.0 27.0
22.0 21.0 32.0 16.0 19.0 130.0 139.0 24.0 19.0 18.0 27.0 27.0 37.0 34.0 42.0 27.0 32.0 39.0 20.0 22.0 22.0 31.0 23.0 24.0 4065.0 1563.0 34.0 36.0 30.0 38.0 29.0 35.0 24.0 19.0 19.0 16.0 21.0 21.0 21.0 23.0 29.0 18.0 20.0 18.0 17.0 23.0 23.0 23.0 17.0 15.0 20.0 25.0 19.0 16.0 16.0 14.0 19.0 19.0 18.0 15.0 29.0 19.0 20.0 16.0 19.0 21.0 16.0 24.0 15.0 15.0 15.0 31.0 20.0 23.0 21.0 26.0 21.0 15.0 15.0 15.0 17.0 21.0 23.0 29.0 16.0 16.0 19.0 17.0 23.0 17.0 17.0 23.0 17.0 17.0 16.0 35.0 17.0 15.0 19.0 18.0 21.0 18.0 18.0 21.0 22.0 17.0 17.0 16.0 15.0 16.0 16.0 15.0 16.0 21.0 16.0 16.0 16.0 18.0 16.0 15.0 18.0 16.0 16.0 18.0 17.0 19.0 15.0 15.0 16.0 16.0 19.0 18.0 15.0 15.0 15.0 20.0 16.0 18.0 15.0 17.0 16.0 19.0 18.0 21.0 29.0 29.0 19.0 17.0 21.0 22.0 21.0 19.0 24.0 24.0 22.0 22.0 18.0 23.0 17.0 19.0 16.0 20.0 18.0 19.0 15.0 16.0 14.0 17.0 14.0 14.0 15.0 21.0 16.0 21.0 18.0 18.0 18.0 18.0 18.0 18.0 21.0 16.0 15.0 15.0 15.0 13.0 19.0 16.0 18.0 15.0 15.0 18.0 16.0 17.0 18.0
18.0 20.0 29.0 21.0 17.0 142.0 121.0 21.0 19.0 23.0 24.0 27.0 33.0 27.0 47.0 27.0 19.0 39.0 20.0 22.0 22.0 33.0 23.0 24.0 1563.0 4167.0 37.0 39.0 33.0 32.0 26.0 33.0 23.0 21.0 21.0 16.0 21.0 21.0 21.0 23.0 23.0 18.0 20.0 18.0 20.0 21.0 23.0 23.0 16.0 16.0 18.0 25.0 20.0 16.0 16.0 22.0 20.0 19.0 20.0 16.0 23.0 18.0 20.0 19.0 17.0 21.0 17.0 21.0 18.0 18.0 18.0 32.0 21.0 23.0 18.0 27.0 18.0 15.0 14.0 15.0 15.0 18.0 23.0 29.0 19.0 14.0 18.0 18.0 18.0 17.0 16.0 23.0 16.0 16.0 17.0 36.0 15.0 15.0 16.0 16.0 21.0 18.0 18.0 21.0 22.0 17.0 19.0 16.0 14.0 16.0 16.0 17.0 18.0 15.0 17.0 17.0 17.0 18.0 16.0 15.0 18.0 16.0 18.0 20.0 17.0 18.0 15.0 15.0 16.0 15.0 18.0 18.0 16.0 20.0 14.0 15.0 15.0 15.0 15.0 17.0 17.0 16.0 15.0 16.0 24.0 29.0 19.0 17.0 21.0 17.0 19.0 15.0 24.0 24.0 18.0 22.0 18.0 23.0 16.0 19.0 16.0 18.0 20.0 14.0 17.0 16.0 15.0 15.0 13.0 15.0 15.0 21.0 16.0 21.0 18.0 20.0 20.0 18.0 18.0 18.0 21.0 16.0 16.0 15.0 17.0 13.0 19.0 15.0 16.0 16.0 15.0 18.0 16.0 15.0 21.0
57.0 55.0 73.0 43.0 38.0 33.0 33.0 190.0 146.0 168.0 42.0 41.0 37.0 44.0 42.0 48.0 54.0 54.0 21.0 21.0 21.0 68.0 60.0 60.0 34.0 37.0 2208.0 1429.0 1347.0 1138.0 86.0 71.0 92.0 28.0 28.0 30.0 30.0 31.0 33.0 30.0 27.0 38.0 28.0 39.0 31.0 21.0 35.0 36.0 28.0 28.0 34.0 38.0 46.0 42.0 28.0 26.0 42.0 33.0 24.0 24.0 28.0 25.0 28.0 21.0 18.0 25.0 27.0 17.0 22.0 23.0 22.0 32.0 32.0 32.0 29.0 20.0 34.0 24.0 24.0 27.0 27.0 27.0 33.0 23.0 25.0 22.0 33.0 26.0 26.0 23.0 29.0 29.0 35.0 24.0 23.0 26.0 28.0 28.0 28.0 18.0 24.0 25.0 25.0 24.0 18.0 20.0 18.0 18.0 21.0 15.0 21.0 21.0 21.0 16.0 19.0 19.0 20.0 15.0 15.0 16.0 16.0 18.0 18.0 15.0 15.0 18.0 15.0 18.0 18.0 17.0 17.0 16.0 18.0 22.0 19.0 16.0 19.0 15.0 23.0 22.0 22.0 22.0 16.0 16.0 19.0 19.0 19.0 27.0 26.0 17.0 29.0 21.0 24.0 24.0 21.0 25.0 21.0 26.0 23.0 23.0 15.0 18.0 18.0 18.0 17.0 16.0 15.0 17.0 18.0 15.0 17.0 16.0 20.0 19.0 19.0 19.0 19.0 17.0 17.0 15.0 15.0 17.0 18.0 15.0 16.0 16.0 19.0 21.0 16.0 18.0 19.0 21.0 20.0 18.0 30.0
59.0 56.0 77.0 40.0 37.0 35.0 35.0 185.0 148.0 169.0 43.0 41.0 36.0 38.0 42.0 42.0 54.0 45.0 21.0 21.0 21.0 62.0 56.0 60.0 36.0 39.0 1429.0 2223.0 1473.0 1323.0 83.0 74.0 86.0 28.0 28.0 30.0 30.0 34.0 33.0 30.0 27.0 27.0 28.0 39.0 31.0 22.0 36.0 38.0 24.0 24.0 30.0 38.0 33.0 33.0 24.0 24.0 42.0 33.0 18.0 21.0 24.0 31.0 28.0 21.0 21.0 26.0 27.0 16.0 22.0 23.0 22.0 32.0 32.0 32.0 29.0 20.0 31.0 24.0 24.0 27.0 27.0 27.0 23.0 23.0 25.0 22.0 33.0 26.0 26.0 21.0 25.0 24.0 30.0 24.0 21.0 26.0 28.0 28.0 28.0 18.0 24.0 24.0 24.0 24.0 18.0 20.0 25.0 15.0 18.0 15.0 21.0 21.0 21.0 22.0 18.0 19.0 20.0 23.0 15.0 15.0 18.0 15.0 18.0 19.0 15.0 18.0 15.0 15.0 18.0 25.0 20.0 20.0 18.0 22.0 22.0 22.0 16.0 18.0 21.0 22.0 22.0 22.0 22.0 18.0 19.0 19.0 19.0 27.0 20.0 18.0 30.0 18.0 24.0 24.0 22.0 23.0 20.0 29.0 23.0 29.0 15.0 18.0 20.0 18.0 23.0 16.0 19.0 17.0 16.0 15.0 15.0 22.0 17.0 17.0 16.0 17.0 17.0 15.0 16.0 16.0 14.0 23.0 26.0 23.0 17.0 15.0 18.0 21.0 19.0 18.0 18.0 21.0 16.0 18.0 30.0
65.0 62.0 79.0 45.0 37.0 29.0 29.0 196.0 165.0 181.0 48.0 41.0 42.0 44.0 37.0 48.0 52.0 57.0 21.0 21.0 21.0 56.0 49.0 54.0 30.0 33.0 1347.0 1473.0 2202.0 1226.0 77.0 77.0 86.0 34.0 34.0 36.0 30.0 34.0 39.0 30.0 27.0 27.0 31.0 45.0 31.0 22.0 32.0 37.0 28.0 24.0 30.0 37.0 29.0 35.0 24.0 30.0 36.0 33.0 24.0 24.0 21.0 31.0 22.0 24.0 23.0 25.0 23.0 17.0 24.0 25.0 23.0 26.0 26.0 26.0 27.0 20.0 33.0 24.0 24.0 27.0 27.0 29.0 26.0 23.0 25.0 22.0 33.0 26.0 26.0 21.0 25.0 24.0 31.0 24.0 21.0 26.0 28.0 28.0 22.0 18.0 24.0 25.0 25.0 20.0 18.0 20.0 25.0 20.0 17.0 15.0 20.0 17.0 20.0 22.0 23.0 19.0 20.0 23.0 20.0 16.0 18.0 18.0 18.0 19.0 18.0 16.0 15.0 18.0 19.0 25.0 20.0 20.0 16.0 20.0 22.0 22.0 18.0 16.0 18.0 17.0 18.0 18.0 22.0 18.0 19.0 19.0 20.0 24.0 21.0 17.0 24.0 21.0 24.0 24.0 25.0 25.0 21.0 25.0 23.0 23.0 20.0 21.0 18.0 18.0 23.0 15.0 18.0 16.0 18.0 15.0 21.0 22.0 17.0 22.0 20.0 17.0 18.0 21.0 21.0 15.0 15.0 23.0 26.0 23.0 17.0 16.0 15.0 15.0 17.0 15.0 22.0 25.0 17.0 21.0 30.0
51.0 52.0 63.0 45.0 43.0 36.0 36.0 174.0 153.0 155.0 37.0 34.0 31.0 32.0 44.0 40.0 47.0 42.0 25.0 25.0 21.0 44.0 53.0 63.0 38.0 32.0 1138.0 1323.0 1226.0 2238.0 76.0 66.0 77.0 28.0 28.0 30.0 30.0 30.0 36.0 36.0 33.0 31.0 24.0 27.0 28.0 28.0 36.0 38.0 25.0 24.0 29.0 37.0 29.0 33.0 24.0 24.0 48.0 36.0 17.0 21.0 20.0 31.0 32.0 24.0 18.0 25.0 30.0 14.0 20.0 20.0 20.0 32.0 31.0 32.0 30.0 24.0 30.0 24.0 24.0 27.0 27.0 27.0 29.0 29.0 22.0 22.0 27.0 26.0 26.0 21.0 25.0 24.0 28.0 19.0 21.0 20.0 25.0 25.0 28.0 18.0 19.0 19.0 19.0 18.0 21.0 21.0 18.0 16.0 17.0 16.0 21.0 21.0 21.0 16.0 17.0 17.0 15.0 16.0 16.0 16.0 20.0 16.0 18.0 19.0 19.0 18.0 16.0 16.0 18.0 17.0 15.0 24.0 19.0 18.0 18.0 17.0 19.0 15.0 23.0 22.0 22.0 22.0 16.0 16.0 19.0 19.0 19.0 23.0 23.0 20.0 24.0 18.0 23.0 23.0 28.0 22.0 20.0 27.0 27.0 23.0 15.0 19.0 15.0 18.0 17.0 16.0 15.0 17.0 16.0 15.0 20.0 16.0 20.0 19.0 19.0 19.0 19.0 21.0 20.0 16.0 15.0 17.0 20.0 17.0 16.0 16.0 20.0 21.0 16.0 18.0 18.0 21.0 21.0 19.0 22.0
155.0 142.0 161.0 51.0 33.0 29.0 29.0 91.0 87.0 119.0 51.0 98.0 105.0 108.0 115.0 87.0 106.0 86.0 27.0 27.0 27.0 45.0 57.0 82.0 29.0 26.0 86.0 83.0 77.0 76.0 1296.0 510.0 546.0 27.0 27.0 27.0 27.0 27.0 31.0 31.0 36.0 33.0 21.0 43.0 34.0 31.0 46.0 31.0 25.0 27.0 27.0 29.0 27.0 31.0 29.0 30.0 48.0 40.0 15.0 15.0 14.0 28.0 25.0 24.0 16.0 29.0 24.0 18.0 23.0 23.0 23.0 26.0 20.0 20.0 37.0 21.0 27.0 24.0 24.0 27.0 27.0 30.0 29.0 22.0 22.0 23.0 18.0 21.0 21.0 21.0 16.0 17.0 16.0 16.0 22.0 12.0 27.0 39.0 16.0 22.0 19.0 12.0 12.0 14.0 24.0 17.0 16.0 15.0 13.0 15.0 14.0 15.0 15.0 13.0 16.0 16.0 18.0 16.0 16.0 13.0 16.0 15.0 17.0 16.0 15.0 15.0 16.0 15.0 14.0 21.0 19.0 16.0 13.0 19.0 15.0 14.0 18.0 19.0 15.0 15.0 15.0 15.0 16.0 16.0 23.0 23.0 23.0 18.0 18.0 20.0 18.0 20.0 14.0 18.0 21.0 29.0 19.0 29.0 19.0 17.0 16.0 16.0 19.0 17.0 16.0 17.0 13.0 14.0 16.0 22.0 15.0 15.0 14.0 15.0 13.0 16.0 16.0 15.0 16.0 14.0 13.0 16.0 13.0 16.0 15.0 13.0 14.0 16.0 17.0 12.0 15.0 18.0 17.0 15.0 27.0
165.0 149.0 183.0 38.0 27.0 23.0 23.0 117.0 94.0 115.0 45.0 104.0 67.0 68.0 104.0 81.0 124.0 56.0 31.0 27.0 31.0 55.0 63.0 94.0 35.0 33.0 71.0 74.0 77.0 66.0 510.0 1284.0 480.0 27.0 27.0 27.0 27.0 27.0 37.0 42.0 37.0 27.0 22.0 45.0 34.0 22.0 31.0 26.0 23.0 23.0 23.0 29.0 27.0 28.0 23.0 30.0 41.0 34.0 15.0 15.0 16.0 28.0 21.0 21.0 17.0 25.0 21.0 17.0 24.0 23.0 24.0 20.0 19.0 19.0 27.0 19.0 21.0 24.0 24.0 28.0 28.0 29.0 16.0 15.0 22.0 23.0 24.0 19.0 19.0 22.0 19.0 18.0 16.0 19.0 21.0 15.0 33.0 36.0 18.0 17.0 20.0 12.0 15.0 18.0 24.0 17.0 13.0 13.0 12.0 12.0 13.0 14.0 15.0 12.0 16.0 17.0 16.0 15.0 18.0 13.0 17.0 15.0 12.0 13.0 14.0 15.0 13.0 19.0 15.0 15.0 15.0 16.0 17.0 13.0 15.0 16.0 20.0 18.0 18.0 15.0 14.0 14.0 12.0 15.0 23.0 23.0 23.0 18.0 18.0 20.0 15.0 20.0 12.0 18.0 15.0 27.0 18.0 27.0 17.0 17.0 15.0 17.0 15.0 22.0 12.0 13.0 12.0 15.0 15.0 16.0 16.0 13.0 14.0 13.0 14.0 16.0 16.0 15.0 16.0 13.0 14.0 14.0 14.0 14.0 15.0 14.0 18.0 13.0 14.0 15.0 14.0 20.0 17.0 15.0 33.0
155.0 142.0 180.0 54.0 30.0 29.0 29.0 106.0 80.0 130.0 51.0 84.0 90.0 103.0 122.0 75.0 127.0 81.0 25.0 24.0 25.0 52.0 55.0 87.0 24.0 23.0 92.0 86.0 86.0 77.0 546.0 480.0 1491.0 27.0 27.0 27.0 27.0 27.0 28.0 33.0 36.0 28.0 24.0 27.0 28.0 29.0 28.0 19.0 25.0 25.0 25.0 29.0 27.0 32.0 26.0 27.0 37.0 36.0 18.0 15.0 15.0 25.0 24.0 27.0 15.0 22.0 24.0 16.0 22.0 19.0 22.0 20.0 19.0 19.0 36.0 19.0 21.0 24.0 24.0 27.0 27.0 30.0 22.0 27.0 22.0 22.0 22.0 19.0 19.0 22.0 17.0 18.0 16.0 16.0 25.0 12.0 32.0 38.0 15.0 28.0 19.0 14.0 14.0 16.0 21.0 17.0 16.0 17.0 14.0 15.0 15.0 15.0 16.0 13.0 16.0 16.0 16.0 18.0 16.0 14.0 18.0 15.0 15.0 18.0 20.0 16.0 15.0 13.0 15.0 16.0 19.0 15.0 17.0 16.0 16.0 14.0 20.0 15.0 16.0 16.0 15.0 17.0 14.0 16.0 24.0 23.0 27.0 17.0 17.0 23.0 15.0 23.0 15.0 18.0 21.0 22.0 18.0 22.0 27.0 21.0 19.0 16.0 15.0 14.0 16.0 23.0 13.0 15.0 16.0 17.0 15.0 15.0 14.0 16.0 16.0 16.0 16.0 17.0 16.0 14.0 12.0 16.0 14.0 16.0 15.0 14.0 18.0 16.0 15.0 15.0 16.0 20.0 20.0 15.0 31.0
27.0 22.0 28.0 27.0 27.0 23.0 29.0 34.0 30.0 21.0 27.0 26.0 26.0 22.0 23.0 22.0 21.0 22.0 31.0 31.0 31.0 28.0 29.0 27.0 19.0 21.0 28.0 28.0 34.0 28.0 27.0 27.0 27.0 1680.0 944.0 92.0 87.0 93.0 43.0 40.0 34.0 54.0 30.0 38.0 22.0 26.0 22.0 22.0 97.0 104.0 97.0 80.0 24.0 24.0 103.0 16.0 44.0 33.0 13.0 21.0 23.0 28.0 103.0 136.0 15.0 41.0 38.0 16.0 16.0 16.0 16.0 32.0 29.0 33.0 27.0 29.0 26.0 19.0 22.0 21.0 21.0 28.0 18.0 18.0 18.0 18.0 21.0 23.0 23.0 15.0 22.0 21.0 26.0 20.0 15.0 17.0 28.0 28.0 17.0 16.0 25.0 16.0 16.0 16.0 25.0 17.0 16.0 20.0 21.0 21.0 15.0 15.0 15.0 14.0 16.0 15.0 21.0 15.0 19.0 21.0 15.0 21.0 18.0 17.0 25.0 20.0 16.0 17.0 15.0 23.0 15.0 15.0 16.0 23.0 29.0 13.0 27.0 15.0 15.0 15.0 15.0 15.0 14.0 21.0 30.0 23.0 23.0 18.0 13.0 17.0 14.0 16.0 15.0 15.0 17.0 22.0 22.0 22.0 41.0 41.0 18.0 16.0 18.0 18.0 21.0 14.0 15.0 15.0 18.0 19.0 18.0 15.0 16.0 15.0 15.0 15.0 15.0 15.0 15.0 15.0 15.0 22.0 21.0 22.0 22.0 22.0 16.0 16.0 18.0 21.0 29.0 19.0 22.0 23.0 24.0
27.0 23.0 28.0 27.0 27.0 23.0 29.0 34.0 30.0 21.0 27.0 26.0 26.0 22.0 23.0 22.0 21.0 22.0 31.0 31.0 31.0 28.0 29.0 27.0 19.0 21.0 28.0 28.0 34.0 28.0 27.0 27.0 27.0 944.0 1659.0 91.0 90.0 96.0 46.0 46.0 34.0 56.0 30.0 38.0 22.0 26.0 22.0 22.0 109.0 116.0 109.0 69.0 24.0 24.0 115.0 15.0 44.0 35.0 16.0 21.0 26.0 28.0 103.0 132.0 15.0 41.0 43.0 14.0 15.0 15.0 15.0 27.0 31.0 29.0 27.0 24.0 26.0 18.0 21.0 21.0 21.0 28.0 18.0 18.0 18.0 18.0 21.0 23.0 23.0 20.0 22.0 21.0 26.0 20.0 15.0 20.0 28.0 28.0 17.0 17.0 25.0 16.0 16.0 16.0 25.0 18.0 17.0 20.0 21.0 21.0 16.0 16.0 15.0 14.0 16.0 15.0 21.0 15.0 18.0 21.0 15.0 21.0 18.0 19.0 25.0 20.0 18.0 17.0 15.0 25.0 18.0 15.0 15.0 23.0 29.0 13.0 27.0 22.0 15.0 15.0 15.0 15.0 14.0 21.0 30.0 23.0 23.0 18.0 15.0 17.0 13.0 16.0 15.0 15.0 15.0 22.0 22.0 22.0 41.0 41.0 18.0 16.0 18.0 18.0 21.0 14.0 14.0 15.0 18.0 19.0 18.0 15.0 15.0 15.0 16.0 16.0 15.0 15.0 15.0 15.0 15.0 22.0 21.0 22.0 22.0 22.0 15.0 16.0 18.0 21.0 29.0 15.0 18.0 23.0 24.0
49.0 34.0 40.0 30.0 20.0 24.0 20.0 46.0 34.0 21.0 32.0 21.0 32.0 30.0 30.0 30.0 30.0 46.0 21.0 21.0 20.0 20.0 20.0 29.0 16.0 16.0 30.0 30.0 36.0 30.0 27.0 27.0 27.0 92.0 91.0 1986.0 55.0 49.0 27.0 36.0 35.0 34.0 28.0 29.0 28.0 19.0 16.0 21.0 108.0 108.0 124.0 65.0 24.0 24.0 108.0 38.0 50.0 39.0 34.0 29.0 34.0 23.0 72.0 68.0 18.0 37.0 41.0 15.0 16.0 16.0 16.0 30.0 23.0 23.0 27.0 24.0 24.0 18.0 18.0 27.0 27.0 21.0 15.0 13.0 16.0 22.0 17.0 23.0 23.0 16.0 16.0 17.0 25.0 21.0 15.0 17.0 22.0 22.0 16.0 18.0 16.0 15.0 15.0 30.0 23.0 14.0 17.0 15.0 23.0 21.0 15.0 18.0 16.0 19.0 15.0 17.0 21.0 17.0 17.0 22.0 16.0 21.0 18.0 16.0 25.0 16.0 16.0 19.0 15.0 18.0 15.0 17.0 19.0 22.0 18.0 15.0 24.0 18.0 15.0 16.0 19.0 15.0 15.0 17.0 21.0 21.0 21.0 15.0 14.0 16.0 13.0 17.0 15.0 22.0 16.0 16.0 14.0 17.0 19.0 14.0 18.0 16.0 18.0 18.0 21.0 13.0 18.0 15.0 15.0 28.0 15.0 16.0 16.0 19.0 17.0 16.0 16.0 17.0 23.0 15.0 15.0 21.0 21.0 21.0 21.0 21.0 23.0 16.0 18.0 22.0 18.0 17.0 18.0 18.0 17.0
26.0 17.0 32.0 27.0 21.0 20.0 26.0 38.0 25.0 25.0 29.0 27.0 20.0 20.0 17.0 18.0 16.0 26.0 22.0 27.0 22.0 27.0 28.0 31.0 21.0 21.0 30.0 30.0 30.0 30.0 27.0 27.0 27.0 87.0 90.0 55.0 2337.0 1255.0 38.0 33.0 33.0 30.0 33.0 30.0 40.0 27.0 26.0 26.0 106.0 101.0 112.0 56.0 25.0 32.0 106.0 16.0 32.0 32.0 15.0 21.0 18.0 30.0 45.0 83.0 13.0 26.0 35.0 14.0 16.0 16.0 16.0 27.0 26.0 29.0 25.0 24.0 19.0 19.0 19.0 25.0 25.0 23.0 21.0 30.0 20.0 19.0 19.0 27.0 24.0 17.0 22.0 19.0 21.0 22.0 17.0 21.0 25.0 25.0 15.0 17.0 19.0 15.0 15.0 22.0 18.0 16.0 16.0 16.0 15.0 16.0 21.0 16.0 16.0 19.0 13.0 19.0 16.0 17.0 19.0 15.0 20.0 15.0 20.0 14.0 18.0 15.0 14.0 16.0 15.0 18.0 18.0 17.0 15.0 16.0 16.0 19.0 16.0 23.0 17.0 17.0 16.0 15.0 16.0 15.0 31.0 30.0 30.0 22.0 17.0 15.0 16.0 19.0 18.0 16.0 15.0 21.0 21.0 21.0 19.0 19.0 17.0 18.0 16.0 16.0 16.0 14.0 14.0 17.0 16.0 20.0 14.0 16.0 17.0 13.0 15.0 15.0 16.0 18.0 17.0 16.0 18.0 16.0 16.0 18.0 26.0 15.0 15.0 14.0 15.0 16.0 16.0 18.0 20.0 16.0 19.0
23.0 17.0 27.0 27.0 21.0 22.0 26.0 38.0 26.0 25.0 29.0 27.0 20.0 20.0 20.0 18.0 22.0 26.0 22.0 26.0 22.0 27.0 28.0 27.0 21.0 21.0 31.0 34.0 34.0 30.0 27.0 27.0 27.0 93.0 96.0 49.0 1255.0 2211.0 34.0 33.0 33.0 30.0 33.0 30.0 36.0 27.0 26.0 30.0 101.0 95.0 98.0 55.0 25.0 31.0 95.0 16.0 32.0 32.0 16.0 17.0 19.0 30.0 55.0 77.0 15.0 26.0 35.0 16.0 16.0 25.0 16.0 27.0 30.0 35.0 25.0 24.0 25.0 19.0 19.0 25.0 25.0 23.0 21.0 32.0 19.0 19.0 20.0 27.0 24.0 17.0 23.0 20.0 21.0 22.0 17.0 21.0 25.0 25.0 15.0 15.0 19.0 15.0 15.0 16.0 18.0 22.0 16.0 16.0 18.0 16.0 16.0 16.0 16.0 18.0 16.0 19.0 16.0 17.0 15.0 16.0 18.0 16.0 16.0 18.0 16.0 16.0 17.0 16.0 17.0 16.0 19.0 16.0 20.0 16.0 19.0 19.0 16.0 22.0 20.0 17.0 16.0 21.0 16.0 16.0 31.0 30.0 30.0 22.0 22.0 15.0 13.0 15.0 15.0 16.0 15.0 15.0 15.0 18.0 19.0 16.0 17.0 19.0 19.0 16.0 22.0 14.0 16.0 18.0 16.0 20.0 16.0 17.0 16.0 14.0 14.0 16.0 16.0 21.0 16.0 16.0 16.0 18.0 16.0 17.0 16.0 16.0 16.0 16.0 15.0 17.0 16.0 18.0 20.0 18.0 20.0
42.0 31.0 44.0 31.0 25.0 16.0 21.0 43.0 30.0 21.0 34.0 28.0 26.0 24.0 29.0 32.0 22.0 27.0 28.0 28.0 28.0 28.0 38.0 28.0 21.0 21.0 33.0 33.0 39.0 36.0 31.0 37.0 28.0 43.0 46.0 27.0 38.0 34.0 1158.0 72.0 76.0 104.0 46.0 72.0 30.0 75.0 56.0 50.0 30.0 33.0 35.0 30.0 28.0 33.0 30.0 20.0 34.0 35.0 16.0 18.0 21.0 30.0 30.0 32.0 21.0 36.0 32.0 14.0 18.0 16.0 18.0 25.0 25.0 26.0 31.0 25.0 22.0 19.0 19.0 23.0 23.0 26.0 20.0 21.0 20.0 19.0 21.0 25.0 25.0 18.0 22.0 21.0 24.0 24.0 18.0 18.0 25.0 28.0 21.0 14.0 19.0 14.0 14.0 16.0 43.0 22.0 15.0 18.0 14.0 14.0 20.0 16.0 15.0 15.0 20.0 15.0 16.0 15.0 18.0 13.0 15.0 13.0 18.0 15.0 16.0 15.0 16.0 18.0 15.0 23.0 15.0 18.0 16.0 15.0 24.0 13.0 15.0 17.0 13.0 17.0 17.0 17.0 17.0 13.0 25.0 25.0 25.0 17.0 18.0 17.0 14.0 17.0 15.0 15.0 21.0 19.0 19.0 19.0 17.0 17.0 15.0 15.0 15.0 18.0 17.0 16.0 13.0 18.0 17.0 16.0 15.0 18.0 18.0 15.0 18.0 18.0 20.0 15.0 15.0 18.0 15.0 17.0 16.0 16.0 16.0 14.0 15.0 19.0 18.0 15.0 24.0 19.0 18.0 18.0 21.0
22.0 21.0 21.0 25.0 19.0 17.0 19.0 39.0 34.0 21.0 28.0 27.0 32.0 24.0 20.0 26.0 21.0 15.0 34.0 30.0 34.0 25.0 27.0 25.0 23.0 23.0 30.0 30.0 30.0 36.0 31.0 42.0 33.0 40.0 46.0 36.0 33.0 33.0 72.0 1437.0 1092.0 80.0 27.0 28.0 20.0 35.0 30.0 35.0 30.0 31.0 36.0 30.0 27.0 39.0 31.0 14.0 31.0 59.0 28.0 25.0 33.0 36.0 30.0 34.0 18.0 27.0 30.0 15.0 16.0 16.0 16.0 34.0 34.0 40.0 43.0 32.0 34.0 19.0 21.0 22.0 22.0 22.0 23.0 21.0 18.0 18.0 18.0 28.0 27.0 16.0 22.0 18.0 30.0 21.0 23.0 17.0 24.0 24.0 17.0 21.0 24.0 16.0 15.0 16.0 19.0 27.0 15.0 15.0 20.0 21.0 16.0 15.0 15.0 14.0 17.0 16.0 22.0 16.0 15.0 20.0 16.0 20.0 15.0 21.0 18.0 18.0 15.0 18.0 18.0 15.0 21.0 15.0 21.0 18.0 16.0 15.0 16.0 25.0 18.0 16.0 15.0 15.0 14.0 17.0 28.0 35.0 41.0 15.0 27.0 16.0 13.0 17.0 19.0 19.0 21.0 18.0 19.0 19.0 14.0 15.0 18.0 16.0 19.0 15.0 19.0 14.0 16.0 13.0 15.0 15.0 15.0 15.0 19.0 15.0 16.0 15.0 17.0 16.0 19.0 15.0 27.0 19.0 19.0 19.0 19.0 18.0 16.0 15.0 17.0 21.0 15.0 15.0 15.0 15.0 19.0
